2607
5719
5390
1384
6484
1269
5929
8269
398
986
3026
5493
8639
8878
3788
1212
9947
1557
5790
9045
5429
1996
1216
9616
7139
7225
9232
1375
4931
4802
255
7264
1997
6054
2960
838
9229
4314
6820
8908
4778
9633
9690
3613
4346
998
5747
5952
9180
956
4039
3807
7601
6643
7952
3956
5171
6349
1652
7232
7346
6101
5610
7277
8506
3789
4192
1656
7741
4787
9890
9905
8712
6936
6403
2227
7194
8046
3471
66
169
2804
4709
5971
8477
5237
9205
7670
8122
3487
1124
1101
9223
4077
6162
4447
4195
2670
4032
8960
5161
3157
4198
1895
567
3610
7802
8532
2701
5085
1151
6215
4322
6447
8466
8188
7142
4370
1602
4064
1053
7646
1772
919
6670
4015
9863
959
2931
8057
8284
2180
656
6277
1350
5527
1561
5754
848
4783
2967
4569
5555
3078
2798
5466
4944
2123
4601
9694
7155
9294
546
1933
2598
8318
270
3708
4253
3762
9895
5362
5679
976
8977
7443
3220
1519
2825
1762
8237
4975
1975
3962
1576
7636
3811
9073
33
1096
6997
6264
9281
7494
6715
1785
3130
1995
6599
7604
896
650
4176
1631
9066
6873
7874
2169
1265
5789
9128
8521
5088
366
6557
7564
1134
5455
5305
4609
300
2860
5303
6297
7722
5816
8641
4191
2500
641
1783
7877
7556
9682
8017
4244
3699
6697
7660
5844
8283
6709
2338
363
4257
596
2958
2889
6605
3570
6229
6433
3505
3639
2546
7293
2328
6511
5829
7766
1744
3694
4367
7462
4552
9555
2488
1750
2535
6060
9372
1381
7391
7710
7915
7659
3250
9685
5176
7553
3156
936
1000
2501
9865
931
1741
4190
7937
3399
7905
8207
621
3389
536
3170
9468
6256
9121
9054
6914
1296
4436
3332
8219
2666
4159
1718
4720
932
897
8755
7857
89
8915
6771
4246
8062
2629
4239
3897
6269
4442
243
7457
8229
523
8726
1171
4292
6030
579
7459
3378
8802
1183
8094
7723
7323
3594
1691
2795
8972
1967
385
2241
1187
9785
725
3268
7281
1465
3063
458
2660
6703
7135
2366
700
1706
8956
7027
7068
9839
8326
4026
1230
6826
3387
4341
7170
7954
2966
7672
8492
9177
4366
6
4171
2999
9981
4185
4128
6683
9213
2984
8149
3083
7807
5856
7497
2103
8036
4515
6580
8965
8472
9182
6435
433
4342
343
6816
5091
4715
8343
3772
5582
2464
2542
6290
8076
3488
8912
7363
3988
9729
7884
2399
4228
1415
2391
644
1402
6149
6167
8947
4888
4774
4850
3010
4797
1188
6173
6210
7322
9336
9407
7369
3990
8883
6160
3334
2566
3555
3241
1459
9442
4338
8623
5081
4386
1583
8150
1016
1349
9526
1682
1749
5524
6423
1525
2714
5061
1687
2581
8869
9156
2150
1215
5743
6606
4751
1760
4278
9712
1982
2761
941
2687
81
1539
5601
9149
5261
6525
1618
3561
9583
9412
2276
6542
6930
9209
8262
4750
6198
6195
7642
711
8082
3975
6133
5206
4892
1912
9425
8070
2105
2151
4459
1253
6763
2221
9047
7787
5963
6019
9452
2688
6258
6986
3920
1064
7319
2275
9334
8437
4357
3468
9408
407
3881
9185
3086
7261
5750
1262
9143
1751
2987
6667
3122
4517
8741
1497
2368
3690
7402
7160
5764
3147
8563
9831
8937
4209
7500
9162
4989
2285
508
9348
8263
5693
550
9897
207
4024
1566
4382
477
7590
2551
414
5680
7083
5707
2834
5292
638
6214
3504
1075
4486
4399
5382
5732
577
2289
5169
6727
845
6066
9736
6409
2238
5776
9970
9984
9553
3970
6609
1829
35
9781
9018
6231
5137
6387
3709
4304
4953
1502
8351
3859
4238
5283
8510
714
7329
7851
4627
4937
8126
8412
2766
1025
4323
7776
8966
2871
2915
9889
7974
6611
2916
9677
9155
7414
1945
9068
782
109
4211
5506
2622
5779
6001
9198
7982
7647
2239
1594
2192
161
8944
3931
6103
2225
1816
1885
7444
6793
2260
6048
7324
1518
6039
6837
3774
7538
6009
8616
3070
2071
3331
5906
2058
3636
3856
6389
1675
6189
3464
4947
4954
9007
9862
7345
3206
6505
1679
1435
8674
30
3695
9111
2267
5045
8868
3786
9515
7674
1473
9409
2616
2983
8357
1983
7092
3663
3288
6239
5557
3701
372
9086
2919
9986
9445
2612
6116
6734
867
15
9093
1572
9070
8718
1929
6420
9440
7110
1475
8414
6818
5004
9998
2471
4213
5055
9999
3705
7878
1203
7386
5015
3127
3955
8239
2182
2618
7026
3023
5226
4225
1579
632
5027
3996
3239
2739
7137
8910
7421
74
6742
2524
2736
2081
3852
537
2991
6678
9207
9770
3087
8159
9168
1385
437
1639
6430
4579
3353
758
5254
6566
9077
1714
3415
6148
5626
6508
3386
2006
1287
3623
3861
2496
4217
3857
9556
763
1891
5657
6866
6404
8065
2038
2861
6326
6830
2205
3672
5940
1194
1456
5250
749
4723
8663
5920
6089
5460
2789
3318
7125
8493
9188
9923
3900
1294
3264
6244
7737
1399
8328
8157
9680
2877
1433
607
5645
9349
4202
9569
4613
1094
9254
5553
9543
3232
6042
2288
6799
316
9184
1636
3155
7233
131
5247
8987
51
5864
3796
5850
9710
7343
4299
1058
2610
78
1159
4500
5123
4991
7711
364
6398
1490
9463
7519
3714
9001
4095
9137
4672
8280
4971
9470
5324
5686
8361
8891
4125
8635
5035
8838
2012
3926
7133
528
5348
1376
6372
8744
628
203
5054
1649
3511
780
324
2938
7152
3812
7175
4731
7395
7929
138
4669
1125
9530
1499
3514
3194
988
2899
5616
2863
2044
907
8371
8325
3153
4659
9775
1107
5346
3432
2730
3733
2018
4755
3523
8691
249
5304
1851
201
6295
1693
9453
7062
1476
6128
5312
2783
368
1969
7898
6023
4169
4648
6949
9102
8421
3659
2664
7353
4516
9786
2626
8626
539
4422
7251
7875
7076
7146
5030
985
6972
5675
1408
1305
9264
5993
3649
1226
194
3587
6807
280
4055
4308
4009
1697
5103
389
7210
3580
9344
3478
8285
9118
6872
3462
5354
1924
3746
6414
6857
643
4446
352
1344
8902
3351
846
2296
2467
5903
496
2007
2344
3630
447
9558
5592
6725
281
9450
2034
9643
3713
7222
2138
418
6652
672
4940
5812
9072
5409
1176
2800
565
1998
9732
6163
5992
6025
3757
4711
7499
5860
6227
3051
2177
1709
3518
518
9695
8906
402
6963
9687
1522
3050
8495
7712
6707
2565
4925
8907
8206
9669
3727
3726
4495
5319
4809
2543
6846
8000
9714
5978
1315
960
197
2332
820
4493
5413
7565
8417
3054
7780
5191
8580
9003
2878
8200
2982
961
5590
4402
7587
4980
1378
7093
2004
2107
5227
9541
8665
3484
829
7024
8455
6674
6153
1280
739
5021
1386
5847
7158
4087
6311
7676
4355
2074
965
5573
7567
1353
5818
1543
269
7784
9698
7840
9576
1509
2868
8848
8222
5552
321
2823
7070
6051
9563
8923
4237
4658
9626
6653
5514
7012
7591
1283
1624
7423
2386
7416
8748
622
6672
3284
7933
327
6772
4624
4037
6071
8116
8957
3941
7744
9969
8565
9606
5097
9818
3826
2503
3171
5424
5082
1367
5734
1045
6087
4685
7649
1382
9065
3643
3898
5672
4527
1920
4868
1890
8072
9358
9552
1909
4523
808
7108
9368
2253
9609
4559
9893
5996
891
5038
3357
7540
9099
1190
1168
151
5023
1234
4811
159
7434
2312
9846
3744
8810
4885
5087
4712
3854
9976
7388
901
9392
8538
7960
1801
9472
1157
359
1318
4836
7633
2365
5372
4448
951
1999
6978
4118
1065
1806
709
8420
3914
7476
4765
6459
8511
8370
7485
3146
6044
9943
930
3417
2858
599
8524
8252
9457
310
3057
1948
6806
4226
2462
193
3559
4521
8205
830
5930
7375
3410
336
3120
2870
4277
5338
2922
5106
7781
5510
4307
6127
3154
1036
6356
4468
7778
6144
2075
3886
6460
6371
7569
3186
2317
5278
2114
53
5441
4875
7009
9357
8084
827
7162
4224
7085
8625
8039
129
3135
7047
8574
1556
2721
9601
6776
4267
2652
6345
5404
3493
1370
1841
7470
2148
7746
1648
7838
7650
1347
7273
6794
1894
7696
4558
2480
2704
7695
8356
3117
4861
5979
9465
6977
4193
6065
4922
2119
8359
4744
185
861
8771
675
9522
2718
7260
4449
2251
1258
5307
4049
9639
6687
9029
7272
7799
8767
4509
9788
8445
2726
4387
3548
2504
7914
836
910
5498
8889
3720
3067
7797
2698
3197
1574
7302
5107
1914
9769
8107
8986
3677
6309
5580
42
3978
1309
2441
5142
1069
9075
5630
2603
1149
9033
3457
7757
8514
5946
8063
2886
6564
9319
3114
2651
2549
9373
2556
3836
9925
228
4912
4767
9289
7836
4476
2797
8044
107
9747
1120
4273
4639
8855
7622
7278
2826
4591
2422
7087
5449
1904
2070
5154
7105
5762
9418
9608
839
3062
8852
3256
7745
3465
7359
9419
4326
4356
6299
4856
6055
8689
9861
8227
1237
734
4350
8454
8722
8976
4210
2508
4908
1325
2069
4178
6220
4329
7551
7514
112
265
8106
7681
4987
1645
6883
5778
6603
3037
8327
8043
9892
7848
3446
4543
2970
6869
2125
7690
8187
4082
8736
471
6791
8876
7223
3412
875
5931
1510
796
2427
7594
2051
847
8141
5611
5117
9112
576
5077
5583
1866
7817
4100
8508
1809
2946
5607
4535
6711
5617
3784
6481
272
9288
1580
1193
8210
8378
5450
1147
2020
7774
6569
2411
5477
8824
5394
2745
9387
5609
3000
4364
3283
8596
8342
9646
1642
9345
6421
1152
6086
1498
9378
8056
9850
245
9667
9940
5874
2853
1373
1946
1977
7088
4058
7618
7910
9391
7235
387
9684
1680
7021
7625
5755
6848
2961
2052
202
8173
8620
7638
9640
9866
1846
857
9140
560
8713
9095
9485
4536
104
7608
1968
8721
9235
3292
2060
2198
3273
223
9230
3304
6416
3973
8231
1108
9896
1784
460
5892
9398
1047
5809
2710
4874
581
6194
6532
4800
2037
2627
4400
2814
6021
6014
6518
1628
2189
9216
2466
1302
2665
3849
4825
618
7863
3800
5842
2104
8166
2304
559
9989
2179
4539
478
6043
9860
1733
3085
6540
5031
8244
4096
3934
3191
6961
6850
1447
8479
8268
5220
3969
4927
1311
4708
1110
88
4615
5981
9534
9225
8870
7941
8174
7761
9740
6891
7103
7341
7534
7931
5941
8145
2214
4923
2819
9219
1049
170
1705
7900
1021
9017
2737
6091
2378
8226
9285
6989
4911
870
1360
7533
1279
1391
250
29
3974
7197
5862
7032
2022
8587
6288
5919
4790
8499
266
1782
3670
3922
7430
8700
7729
9842
2872
4160
1701
3509
1776
2671
1022
5958
852
1588
5558
5266
1257
3321
6376
7783
5178
166
490
9181
260
9977
3372
2284
8825
2682
158
8896
4506
6156
8746
3243
4452
6561
7793
9592
7053
3860
2708
7939
6876
9273
8255
9973
7464
8110
8010
3889
4157
8605
5808
2183
4728
8885
908
8932
6327
6456
2658
4514
4175
9742
3912
927
6336
2597
7365
4544
768
5593
8061
2891
7657
232
444
557
5505
2295
568
1106
9591
6967
6679
819
6797
5347
6882
5871
8444
8005
2765
2631
5143
3871
4805
225
1457
6839
4735
1113
7143
5
4587
3936
7422
3771
1873
2918
6921
8374
1959
375
2547
424
441
6822
7227
3453
5048
4172
9982
6792
5219
2985
9523
2336
8142
7554
3879
5534
6990
5399
4524
6254
8299
2976
1524
7777
5922
4870
5249
7753
6354
1857
9911
4882
9720
5845
7505
8321
9723
3775
3656
7055
2401
4824
4550
552
9600
5801
4738
9946
2379
5825
5965
8192
8071
9602
9252
3763
440
1414
1724
8954
2529
3267
3529
7989
2159
7091
9113
38
8789
9151
3416
3593
1506
103
8266
4525
9914
3821
7022
5095
9900
6590
395
5385
8550
9397
4022
8011
7509
5302
8435
8373
6031
5243
7435
6276
1859
4820
3367
5367
8679
9237
2246
8860
8338
8077
1991
4462
7580
2674
2404
6419
3336
7180
9944
9704
7731
4501
745
6391
2021
4111
6844
4901
2068
1051
7876
6199
545
5513
7661
2964
4014
9323
7102
6181
3258
8335
7930
6284
6970
2287
4038
6350
4904
4896
7177
2322
9528
1057
2157
2519
9760
6577
2636
2509
61
5551
1392
4247
4699
5047
226
994
3438
8101
5727
5760
6661
6446
8054
5336
8548
6512
5785
792
6155
696
47
3407
2449
6870
8509
357
404
19
1420
7051
1407
4255
5787
9586
8336
4745
6474
4743
6881
6037
8882
7583
2120
3439
3885
8554
6602
8451
7183
5151
3368
5500
935
5935
8256
1090
4068
9214
5889
9701
6177
7326
1889
8396
9637
386
8448
9249
1436
3310
4491
9501
3098
3356
8994
615
6802
4741
5222
798
7218
2245
9728
1550
7742
9703
2063
4877
4504
694
2469
3635
1379
346
6439
3289
3768
1589
3231
5867
4705
6767
1640
5741
4293
7839
1129
3653
3036
7602
1643
8854
2619
7581
617
4335
3270
7084
1936
3164
702
4903
9719
1560
727
8964
6374
764
5024
4054
8257
6454
8520
2734
1989
6625
8279
6586
369
8042
9799
9598
1725
2563
7819
278
651
1544
3806
2772
6178
9809
2842
972
5051
3908
2172
3616
9848
4518
9192
2313
3402
6823
2528
1695
379
1669
7325
3426
814
6380
2053
8238
7747
5401
1815
4256
6097
9191
849
9841
6223
4363
5276
8531
5166
3935
591
469
3633
2738
2188
5901
1434
7847
993
3557
480
7262
1135
2775
6671
1913
5520
1059
670
1014
5629
5666
7679
8711
578
8576
2492
5434
6786
4668
4556
3669
4526
4219
9346
3716
196
7653
8862
6613
6675
4076
6656
4650
7833
2041
7561
2361
1115
3671
143
9415
9083
2233
8298
8943
2373
4963
1003
795
7344
9533
2029
1169
9310
3927
5214
9800
4332
7455
4415
5126
2414
9767
1745
1769
9309
3333
1046
5141
3494
295
5575
1467
9133
4582
2675
380
9658
9006
2213
8384
2318
5536
7127
6090
2154
312
2367
6919
9147
4512
2028
4117
1423
4206
2782
1672
1271
2118
1529
5770
1207
145
6864
4478
9092
3094
2495
1674
4842
2024
9978
3874
5623
8880
8697
9744
3286
339
5184
9390
1736
6945
1986
5961
2933
2657
9847
4360
4996
7115
1944
1780
2589
4378
362
4006
4457
4689
2418
7652
2645
7975
5835
6132
7409
9734
9749
2981
1342
1918
6321
3732
7285
9641
645
6138
2570
2950
3794
8172
6572
4281
8386
3150
8171
1221
7330
5075
1939
9064
8295
6682
4915
2126
4684
5139
1195
6984
7313
2330
8068
584
9489
6382
1089
5444
8519
1145
5900
7516
4029
2926
2098
430
241
4873
5215
5898
3068
1383
4726
289
1233
5578
2600
3987
5274
7605
9406
9063
9097
6367
3089
443
1681
5724
530
7810
8474
4602
7303
6431
6805
2439
2149
3409
7688
1448
7073
8051
5622
7274
2113
9761
3436
732
6732
9352
6067
5058
5859
6169
7495
4106
773
8958
8375
9932
3182
5670
4102
1445
2588
1416
7558
9987
2833
9735
3815
9762
8650
1481
1079
2067
5370
1127
574
5869
3091
1661
7963
5472
2632
2076
1244
1634
8254
3753
9837
2055
5668
9951
2250
5452
5991
9778
222
2054
635
4379
6768
7815
8333
2224
7616
843
1712
1673
2719
9131
4666
7116
8401
7098
6814
2133
4471
8953
1638
4233
4957
913
8064
378
1775
5175
2357
6570
6893
214
666
5115
7901
9840
5663
1874
1610
3253
7938
1828
1066
2197
1246
7340
7981
8243
6567
3729
3105
3560
8199
1425
3685
9525
1852
3440
3238
7619
8274
5416
3279
4632
503
3689
5192
7724
7424
1345
6020
8934
2697
7259
9136
5711
2146
313
3723
7994
8331
4895
1441
3618
785
3500
9242
9885
1896
7433
5561
6784
3148
2530
9691
2258
9990
31
5765
4438
6279
4581
9949
5649
5480
5669
1823
9510
9483
4369
9424
4301
6544
3228
4173
3626
3481
2460
4976
1651
4115
4921
1095
3503
3646
9849
5523
5746
434
5706
6917
8390
624
9499
6248
5089
5224
6268
8598
3607
6449
7069
3550
8232
7144
7528
1791
348
8556
1303
7798
8933
2975
2778
7081
1732
384
6874
1205
2678
8781
177
4749
9266
6407
6119
2388
4909
1950
1219
9834
1002
5185
3737
4727
4817
5076
7005
2831
3341
1747
9992
9096
5740
4986
1905
527
6440
8727
801
6330
5722
1366
6965
1487
8990
4977
8045
8749
7709
7006
558
8047
2102
3200
160
1264
2453
6686
6831
4564
1471
1087
5518
8935
5891
6971
2298
4983
5546
9027
6980
5775
970
9965
9596
1495
1692
2035
3745
555
4351
1148
4803
5702
3376
7973
8030
6451
8501
8610
5321
8040
8272
8050
3413
902
8165
7140
6357
8344
6759
3890
9933
4401
5806
8026
3466
2282
587
264
8163
3212
4050
9826
5608
1104
9051
918
7425
5742
8939
9549
7830
1603
6366
5501
5639
2134
7199
499
842
6170
147
221
8861
7568
1863
6954
5699
4859
5392
445
2962
2951
4679
7850
9234
7203
9715
2010
5744
2839
6741
1564
2364
7559
1118
2419
1953
7943
5832
3880
3977
4730
183
5251
3728
975
8710
6415
4259
4425
2155
8273
2900
442
6787
6522
6476
6852
4988
7294
9929
2498
9857
4017
9049
9024
1028
4571
9286
2934
5246
1341
3785
6733
1961
7666
7008
8573
973
7911
6514
6225
3680
8305
2281
6224
3326
6718
1282
2415
6582
2852
7188
5800
6868
461
1660
9957
6047
748
4098
9476
7948
8930
2083
2908
6701
6289
5008
8875
4519
2396
3347
3792
2703
9871
6650
7309
3269
9
1887
2813
1306
7756
9738
9276
6810
3211
412
9547
8872
7743
2986
9768
6485
967
4592
8097
6114
6579
79
5988
7075
6036
4503
2850
4414
4243
2644
3049
807
5831
4934
895
4844
5352
7193
6626
2759
1073
5690
3118
3730
8152
6026
4548
5945
5365
3553
1629
7453
4021
28
6390
1337
7439
943
6952
6638
285
7548
1192
4248
1160
9975
7220
4020
4696
1323
4147
4371
9135
9625
2830
2628
1825
4358
3837
4742
6931
1606
3038
9166
25
4680
6190
1707
3790
1286
4334
4242
3274
5159
9262
7382
1575
3485
9382
24
9494
8631
648
317
6892
3059
735
2248
5654
5355
3605
7432
5566
9333
5273
2108
390
5481
7903
6278
1699
2821
7987
4328
3585
7923
5463
8693
3177
1228
2446
3137
7129
5398
5563
6175
4721
7953
3082
4748
9562
4033
8569
8602
1322
3983
9968
8322
1008
2577
8537
8588
8289
6863
6915
7079
6860
3151
2161
2451
3638
1768
6554
9878
6745
876
3572
8069
403
8483
4528
7192
4065
2353
2440
8979
6692
7286
7347
6363
685
777
2351
8553
9622
8981
5327
3011
1247
7257
7058
8690
1761
7463
4573
7122
5393
3210
5913
6517
3683
4653
2793
7621
7524
8760
2663
6154
4810
9124
1774
7427
8608
3069
3489
7957
3533
3516
859
6188
332
4352
1972
2142
971
8246
6165
952
1485
8427
5110
2744
5350
3696
252
9405
983
8671
1393
5436
1132
525
65
1419
4327
3981
4097
6790
5044
111
6932
7121
6934
9330
1931
5200
5297
8644
713
818
7216
5974
1062
5938
7853
7461
2389
6490
3928
4946
4626
5857
9041
2244
4827
3674
828
9055
8484
4407
841
7805
1170
3574
7546
5202
2993
3319
5748
4631
6894
3139
5905
3102
5100
549
1214
8884
6795
8836
8609
2875
8073
5454
6777
3204
4866
6464
7892
5600
5280
3329
5723
5349
7482
3855
6764
5896
769
1255
9270
4604
8240
4716
654
2347
3747
5884
3734
1756
1512
4647
6598
9175
2455
1797
609
2429
3532
6584
39
2633
4170
2279
4484
3586
8590
8557
6630
5678
3877
778
8213
8786
4085
775
8406
7792
5157
9811
3819
8991
4806
7566
1911
4780
9737
1463
7306
3769
5849
2333
8430
5932
1078
5277
7390
1136
3520
5284
4223
7932
8704
5492
8761
8498
4772
3007
2064
294
2930
4254
6509
7543
9817
8203
535
9161
2302
6808
7452
2308
7654
6981
7656
7077
9071
7627
5937
2383
4025
9590
1478
6920
8161
3541
4693
282
2306
3280
3033
1178
191
5357
3959
2518
2350
4830
1740
9158
1523
5456
6131
9607
2094
1793
9644
6316
1275
7049
8662
8948
1690
6111
3301
7610
4697
3472
6022
5343
6824
8058
1930
6501
140
7440
3841
9491
9672
5471
4430
9215
6486
2369
7493
1298
2709
9796
1225
5531
2230
8309
8198
1466
1440
9967
2170
708
4114
7529
8653
7473
6746
630
7484
9791
2544
4079
7965
6193
277
3199
4654
7471
1549
2479
756
2507
9894
323
6834
5388
3429
5036
3435
4148
4376
6804
4881
6130
7844
4007
4426
8236
5144
1671
954
2527
9979
9427
1320
9681
9426
1844
8117
3112
2848
8738
2254
246
4707
7240
8313
7868
2841
5604
9722
6334
8366
6649
8202
2346
5565
8194
41
7396
7962
2331
8312
1688
6201
2576
4030
3710
6035
233
2450
49
3632
7730
9000
9635
2181
2463
6084
2437
5064
1607
262
761
7986
6993
1871
7104
1562
3342
2624
6171
3384
8088
4703
2515
6335
7828
1243
5713
1128
8719
5652
4499
3053
7972
5287
9532
6059
2522
1181
6145
7255
856
6424
2089
8595
9388
8487
8604
5820
2237
8334
3006
7749
4961
6004
1898
4481
9218
5242
6147
195
6126
9855
3512
8003
2640
1054
4577
9302
7159
4835
3940
3437
7351
91
8567
4494
3293
69
7995
2676
7172
1526
1553
3798
6835
8777
2911
5504
7202
4675
3909
2262
4981
3599
5803
5625
7029
5410
3188
6633
7295
9377
6159
6832
9015
2315
5053
3281
8797
1138
4416
5904
9224
9550
7442
5309
3910
894
824
6107
9067
7677
6754
8523
6417
9649
6948
5853
6513
8214
3096
8561
6388
1263
9764
5033
6432
6644
6434
4645
4353
2881
446
7275
3712
586
4614
4617
6658
5005
6348
6394
3913
3395
8081
7607
7348
2517
5464
1158
7886
1261
2085
4241
1860
2803
4337
1268
3434
2879
722
4757
4858
9411
2820
2939
2293
1371
8770
6979
8887
1346
6241
5457
2091
4665
2531
1417
5326
9542
7321
9028
1369
3917
7219
7082
6342
1743
1927
8504
1292
4056
7231
698
5334
5939
4520
8127
1516
118
9613
1083
5619
6240
5282
5883
2153
3306
5002
4789
3099
3251
1401
87
4283
2571
4313
9935
7964
3065
8453
7535
5953
3039
2316
6615
733
7612
1027
8385
5528
9301
4456
2165
6890
8575
8225
5833
9678
4408
5673
8217
8018
9783
9948
4634
8805
9673
5650
1357
9123
5484
6400
6531
1281
2423
8449
8775
1773
6923
7318
4107
9833
2838
4637
3905
254
8664
726
8460
3513
1764
1849
6463
5016
1599
6305
6908
2299
4232
4061
5641
1937
353
5696
1464
2072
7315
7271
1336
4718
2845
8731
1615
5428
1928
904
2940
3095
291
3021
1966
6266
3271
2837
7906
4574
3951
4530
1552
2892
9339
8842
1492
746
3976
5880
7361
4001
5560
8315
8794
8745
4287
8873
3719
5569
529
9034
3008
7926
8014
8754
7577
6939
7331
760
5476
1958
1654
4184
8352
1186
328
2112
5127
4791
5577
1884
5018
1922
3149
7037
3760
5618
5270
6527
6901
2855
5990
2135
7872
5507
872
4466
8431
3600
2062
8685
6445
3178
8682
5535
273
6950
5515
8189
1980
3754
8465
7000
7614
7596
8425
4285
603
5447
3967
9160
4854
6246
9193
4027
4897
6270
1200
7684
7182
1338
950
6314
3343
3611
8176
4078
10
4197
2290
1185
779
8686
9316
7095
240
8012
6668
5377
1387
9150
6491
5674
921
239
2767
4576
9022
6260
3808
8600
2896
9146
4461
7950
899
5344
9428
4372
8756
6608
7004
2699
3652
9931
3252
1821
9711
6752
3766
1777
1222
2031
4746
9954
8360
3263
3303
4794
6408
7411
681
4444
5432
3240
5138
3266
1584
8790
139
2971
7373
6969
996
340
4758
4221
9263
5766
4702
7150
3968
4691
3100
4759
5361
669
5683
302
6427
6664
6053
688
3722
6428
4018
7320
3075
4194
9053
8858
7934
9115
2936
4625
4146
4683
3724
1729
5218
8834
7927
3612
5189
9080
5478
8349
2604
5934
3954
1622
2045
9519
8410
2200
8683
236
3282
3074
8542
6191
67
623
7628
5366
7890
1546
1146
2174
7226
3907
5212
8164
7575
1452
4041
5876
8551
1848
2499
218
1613
2402
7307
974
4455
3617
6184
3528
8963
1488
5279
6302
7364
706
2667
8628
9222
9794
149
1623
5731
3422
4383
3634
7480
5461
2348
8486
9384
8572
9758
5921
5712
8768
8083
5040
3691
9531
8220
6226
5363
1091
8766
1832
5062
5737
5838
2758
5433
4298
7739
3995
2497
9623
9417
4047
7417
4812
121
3316
9195
8949
7785
7669
5132
697
9743
9475
9853
6385
4453
5239
2231
2526
3904
4997
2898
7252
3846
2158
9386
5598
6735
5194
9705
564
4230
5730
8147
9497
5886
8911
5933
4822
6296
8917
6082
7019
6186
9798
8547
6538
5098
2087
8029
8892
8137
7843
6751
7215
5634
4623
6272
5092
9103
2352
5358
2278
3780
8706
4156
6317
8905
7020
1803
5643
4706
124
9038
3467
8398
8404
3477
5947
4186
2611
4695
8261
7721
4964
5694
7169
3700
4373
4220
2638
4948
677
5311
132
3022
5986
5181
1011
3783
9652
5074
3291
4890
1900
8630
4136
3311
2209
6827
4905
5288
1034
7338
5605
4035
7517
1514
1162
8247
1907
1520
2817
8339
729
7852
7378
5539
3887
244
9488
3165
2646
3163
2785
3779
3229
9901
2615
4612
9366
141
7626
7767
9498
1007
6360
5405
8622
2695
8666
3675
5022
2876
9455
5882
9271
8136
2579
4719
7301
4437
8143
3536
2077
6473
6062
4542
9790
9169
4619
1976
7431
4134
367
3715
509
8099
4753
365
911
9308
3133
3595
5369
2942
146
2374
601
4872
3915
9706
7751
2746
2358
9577
1901
7643
307
1310
119
6142
8441
3687
6318
5570
3979
1855
5487
5221
7504
8190
1908
1217
5163
1658
9167
9120
2864
9513
2941
822
7530
566
6563
2033
299
1578
8922
8092
9868
8638
740
3949
7617
4004
2269
2217
8999
6410
2777
3363
7056
5700
6555
2621
1994
3552
2866
9439
3255
5426
2223
984
9928
832
2482
62
3115
8787
9492
2191
8314
392
2882
9520
7600
520
7919
4070
4069
1103
2575
9676
2573
2974
4732
3991
3108
133
8446
1252
4091
6875
1343
6781
7354
8940
7438
259
674
6973
5537
4336
8525
1596
7861
9084
8571
9567
7550
337
1121
9827
8879
44
6647
1992
417
1869
2690
8330
6955
521
7869
5606
703
6166
917
370
9217
871
958
3370
7316
2100
8762
7187
5602
3222
9539
8619
5148
6098
7113
6964
7270
4936
7537
7298
63
551
2144
2362
3073
1608
1081
4270
3831
4189
5681
6467
6442
9666
751
7685
4031
9014
9089
9069
9074
8909
9593
5112
9441
1717
5046
7253
8392
413
7151
475
4166
419
9724
1960
2088
6123
318
4374
5228
5118
5156
1010
7035
8258
6960
8230
7922
1361
7011
7992
5804
7124
4978
980
7224
4879
1752
1753
3547
4649
1694
8640
8270
3327
747
3225
4894
3184
2754
6770
174
9088
3313
6992
8480
5114
3524
515
8840
3396
7873
7234
759
3169
7871
3782
4690
5093
2953
3833
1667
5174
5950
9125
8803
5646
5815
2973
1348
9176
1377
472
1351
944
7059
115
7631
982
1759
3295
5910
9638
6261
242
7490
9803
6006
9618
6489
9721
1015
6729
9517
3060
5335
192
9081
5772
8678
8684
2375
2203
71
4093
8699
8053
4815
9961
1508
1316
150
2846
6713
3544
1973
9936
114
5330
4433
3999
1431
5453
3925
8024
3576
3521
2030
9902
9474
2794
4137
8729
2693
153
7976
7349
9447
8646
964
3829
8735
6139
5391
7740
7041
1545
6038
4008
7291
6886
90
6219
9661
4066
2160
2561
7698
2685
811
8778
5236
399
8983
608
605
5698
4465
589
6601
2580
198
8769
2856
2809
532
9752
1659
8306
2811
5197
6425
4345
5902
1796
9920
320
8577
548
4588
2136
8464
7063
6230
8323
2887
173
6028
3741
5989
8179
8929
9260
4928
8607
6916
8358
9036
9105
5150
4034
3702
5975
9524
7096
4687
6010
4793
3307
4120
2425
3104
6482
8308
3864
155
9907
6975
9031
2163
97
5522
9674
2702
1988
8201
9985
5275
3809
7310
1356
1102
9679
6228
9296
2969
9659
2662
6623
7701
4578
4016
1941
9820
7184
164
5763
8536
614
1987
315
9383
2216
8871
770
3717
8839
8938
953
8549
3272
5423
2145
4354
7474
4380
800
3803
4999
476
6903
2309
9700
8105
4331
4570
1854
3218
3661
8242
4970
678
1388
2210
483
1534
1396
8265
1788
8324
5998
2625
8888
56
2895
3863
5180
9354
7958
217
3901
2017
9980
8696
1565
8134
3350
7811
5402
8481
8830
3365
8033
7399
9201
1291
9396
60
7097
77
8539
7486
6257
8004
1655
9356
1822
11
2208
8564
8500
4094
2591
9647
5133
9004
2286
868
6537
4982
5440
5422
6581
7394
1527
6627
1812
3740
8090
7357
9189
7111
3688
2749
4263
3604
9464
1573
1536
5306
9727
9511
3245
8589
3906
3998
7245
9993
5951
7936
5470
8177
8271
3106
7675
6285
5545
9773
723
4403
4832
9481
5571
1916
5317
8391
9163
8791
4762
1005
7400
7542
7658
6849
4143
3390
5094
3055
1319
6140
6470
1017
9739
2283
7099
8428
9437
5916
4583
1218
5489
3721
5072
7955
9204
7337
6466
9363
9197
8798
3707
9211
8180
3061
7101
2996
8286
804
7523
4215
4418
1494
5568
547
1734
1364
4781
2943
9104
7186
3911
4845
8698
1726
4227
1770
9808
6833
8632
1834
4589
3447
7393
1429
116
7791
6274
3582
5488
5517
2211
1708
8235
2256
9142
9030
6576
3031
5704
4395
631
4174
6842
7983
9802
8156
707
8372
8811
1840
1611
5153
6106
6524
211
229
1250
1114
5124
7593
8178
9272
4598
6523
9421
1068
2773
3588
6333
8995
8919
5293
7521
5006
391
6877
8131
6922
6618
7379
5451
8241
793
9829
6516
5788
1790
6616
6812
4511
2334
9090
4891
8443
2478
9317
9962
7136
6597
6002
6320
6712
9134
4814
6141
5541
8146
835
2816
5997
7897
4480
4605
4497
5647
2587
9603
1511
6358
8080
1242
6077
2311
531
5813
9748
1921
5375
816
136
86
4855
5435
9828
5201
6660
6483
3131
2894
3349
8970
6322
3825
781
72
130
6401
8248
5376
4249
6203
7123
724
7314
2502
7288
7061
6739
3938
421
6803
2893
3628
7912
6381
4572
1455
210
2762
5897
4130
9663
2909
7206
1142
3903
774
5267
6648
613
8102
4906
705
6912
2681
4568
6693
5207
9843
5014
9934
616
6851
5400
5105
9753
2511
9243
9686
152
612
1430
8155
3731
8886
2236
7956
7460
7109
8153
1032
5837
9056
2605
2763
4593
5208
7821
6879
5010
5503
9079
9883
1248
8297
1150
7071
5708
8898
6536
9919
8659
4250
8442
1612
7883
126
3003
6743
3640
9008
1165
6662
3946
6755
9462
5547
4138
2324
2206
8806
9048
9058
1400
4153
3192
7469
6237
1875
8434
4409
4610
3673
7940
4852
5039
459
1164
1453
1023
5821
8034
2014
7570
347
8516
5830
8281
3735
9763
2430
8170
8913
9634
7632
8788
8503
2395
7328
4710
9819
5145
7513
4179
6594
3965
505
3947
7644
5186
9507
4541
9660
9879
9277
7276
7882
7389
3992
3647
5826
1984
2234
686
4864
9782
8095
9884
9804
432
6927
873
2957
8151
3325
9414
7889
7014
7606
9250
9726
6631
9487
4656
1470
3213
5973
8814
3736
3984
9683
8975
8740
1177
8865
2928
595
9050
9825
554
9269
311
4290
1182
7148
4155
9422
6324
1954
8275
5059
1668
4586
8642
5948
5796
1256
9546
8405
1479
783
7033
2483
3025
8458
3175
942
3980
6677
5559
2649
5875
9571
1139
2259
2947
8747
9582
57
743
8028
4435
4594
9845
5328
4005
6730
7036
1942
2801
4652
5406
2
2486
5499
3142
1555
6405
7760
3048
7046
2516
1925
306
2959
7678
4979
9110
7907
9972
1143
5907
5164
1355
5158
2978
8288
8926
8185
1352
7599
4391
2207
7996
2228
5665
6488
5736
9432
1232
4063
7592
8614
7539
6468
178
3406
6853
3993
3366
2867
663
2243
2086
9930
6122
7167
3693
5289
3152
8815
304
9460
279
9251
3219
4181
636
7786
2307
8829
3564
3040
6906
6204
6541
5824
9502
7820
4080
2264
2513
6825
2272
6079
1469
6529
9375
1432
465
4740
3265
3631
8835
2590
5465
3551
5512
1766
3665
4121
7385
1411
5265
8914
1359
5467
6265
8320
3002
2560
690
7467
2297
4084
4262
6232
922
9891
2292
7229
1354
383
6624
8394
949
2335
7370
3814
4139
3945
3615
9347
4513
4473
95
4898
2009
9942
8287
8195
4434
991
9174
7383
6072
7045
9617
9570
1934
3176
6018
8517
9881
4282
8267
401
2345
2835
3302
9040
9614
5591
6283
9129
7966
7814
6355
1906
2444
6412
5155
1072
8560
6924
5636
5446
3725
2995
6925
7042
100
6069
2438
1771
2049
9413
1426
8278
4276
7392
8300
7405
6680
3071
5658
7205
7663
9246
6005
1184
8307
9792
8022
2910
6243
1595
4916
1778
6216
4799
6913
7230
9945
6395
5238
7149
1787
5415
5042
5540
5642
1943
7244
5828
6377
8543
661
3209
8471
5120
4670
1630
5408
1412
3361
3966
5567
659
569
3381
4959
2445
8708
5025
4269
9002
9718
7387
8657
7834
4862
8485
9815
275
5078
5756
5589
2468
7449
1813
5926
2844
5549
4040
4860
18
1686
9106
4222
268
2751
2533
3986
3362
1689
4286
5846
9371
6779
3090
3244
1563
8774
9688
7339
2036
1792
7368
3233
2536
6504
1012
4011
5337
5217
9044
6197
6329
4045
2301
7573
1421
9991
4
3501
501
3781
7214
9731
8467
7846
1985
5255
2883
6120
8672
1040
3527
4725
2448
1604
3285
7704
881
5052
8245
7157
8125
5473
6152
5999
2057
5333
261
6884
8931
5529
4236
3840
2747
9365
6378
9759
945
2937
992
519
2574
3275
9279
755
6061
6373
4207
5448
4532
8973
5508
5173
9615
1496
1530
3891
6723
5761
8175
5149
8945
3577
8377
3371
6202
6003
3379
6475
8578
7862
3309
5000
2525
6642
3403
6801
5172
4545
5709
5718
2110
6024
9581
7800
9771
9438
6275
6684
1739
7769
224
4622
1227
5360
422
680
5968
2061
7410
6029
1055
855
2568
4839
415
2595
2828
4315
8475
9955
7196
3369
6050
7945
3338
3397
7968
4487
6628
8897
3678
9355
1080
6300
4264
4053
5295
5774
4312
1313
4884
8112
3850
1235
3145
2255
924
5269
2672
5745
9777
905
75
8303
2393
1092
7639
2843
5381
6134
6121
1154
6880
8470
8098
1340
1554
6346
9974
2261
1254
1711
135
6520
2523
522
3748
6854
7835
2683
6769
978
3542
8399
8676
6535
6897
6341
2725
9208
6904
1493
4952
7752
6905
4492
2784
9304
3196
8807
2403
4133
3226
40
3591
7803
1410
8276
2686
691
3832
9631
7665
4834
7503
7727
5877
2059
6041
2270
4368
1461
3929
9307
6775
13
1133
5026
4554
947
3254
8765
1633
1029
2790
716
7266
7586
9512
423
5483
2137
2277
4962
9117
7775
2728
4059
1877
2567
5633
7
736
2023
900
2000
205
5628
8383
2235
1123
7736
7635
4533
3456
5664
9021
2711
8196
9314
1839
4664
7768
4158
1117
8184
4311
5318
7468
8341
837
6250
2409
7947
1307
5908
6112
1460
9588
1547
3845
9280
4482
2630
5497
2854
257
7734
1805
488
1978
9227
1864
1876
2913
6027
5183
3398
6205
6443
8621
108
3111
2707
8612
3045
4046
438
256
6286
8418
2776
7381
7118
80
5692
9746
825
355
7998
6610
9898
1585
3491
9830
3739
6774
860
2742
426
3121
7920
1513
3961
9196
7562
3944
2903
1853
9116
2080
9340
511
8546
2521
590
6547
5584
1940
2824
7755
673
6622
1700
5676
8355
611
5032
342
1730
6074
8652
6064
7671
2679
7248
543
8809
4393
7697
4183
6212
5791
3657
3314
482
7717
167
1274
7826
7611
1807
4608
7880
2952
8856
3948
6813
4389
8813
2416
9869
8296
7845
5767
6502
8874
2371
1814
8899
1404
9114
120
3141
3567
5985
5721
2912
9315
9496
3896
6528
3261
9912
9164
2829
3463
3953
6337
9009
4460
5179
9313
6361
1413
9265
7507
3167
9076
8416
602
3128
6247
5419
9560
4967
854
610
2717
3596
5716
3101
8473
9554
7456
9259
8724
5013
5943
4388
9153
8568
2602
2337
1892
7191
834
8002
8723
4151
8290
4682
7508
2925
4485
682
7969
4188
237
8566
9566
2204
8353
9540
4663
8558
2873
8282
1646
3404
573
5374
4472
4240
3654
4424
9206
7292
9573
6568
212
3123
4196
9500
4333
5495
4584
1326
162
4002
540
9454
9297
5403
3009
8264
6379
5248
8350
5373
2540
5720
1210
7126
6497
8459
5797
9154
3958
8132
3773
6691
288
8901
606
7879
3320
55
4662
3952
3930
2487
6855
1174
9370
2271
9697
5627
2343
4907
5751
8812
4072
7221
9645
2131
2370
1872
7312
4470
4126
939
9544
7488
1266
2494
1548
6988
1238
5252
9244
1804
1251
5102
6471
5213
4339
6000
3028
3801
3119
3971
4261
6856
5735
4914
8067
494
3428
8952
6962
470
4990
8108
4972
83
8021
2539
880
2093
7366
2405
3892
8433
9745
7372
9632
1591
5890
9236
7536
4939
3686
1063
2921
9395
7173
4843
85
1635
8654
7436
4309
4555
374
7492
6078
6185
8955
1850
1297
2394
6233
7355
3109
1363
1446
5817
4932
2011
2586
2166
5662
2363
5855
3242
8629
850
3895
8277
3041
5203
8019
4692
2019
248
3203
9699
4562
3335
6985
3189
6251
5631
2865
3842
8317
7213
2880
4566
9906
1827
4935
8758
3573
1685
1722
6151
9449
5753
3870
7030
5068
439
3960
7451
934
3330
3517
396
4828
5241
1605
4467
8534
1278
6500
9226
3872
3373
7763
812
7413
8988
7971
4938
9521
2601
5195
7178
3921
5714
9578
2426
7090
4421
7237
9016
7813
9994
2320
4083
8989
9620
5621
2806
9545
5695
2456
1163
6503
1097
8733
5387
283
4410
7673
3013
1449
4132
8482
8211
9750
9458
9873
3360
3328
3923
3862
912
4553
9812
3602
2768
1881
5548
8895
7475
99
5648
4973
8409
8969
8651
9996
5964
6135
3698
4316
9836
4776
82
2341
1300
9504
5001
7454
1474
6344
2027
6639
9651
4722
5977
3507
4950
3869
4294
7161
7054
3614
6238
5729
1974
3185
4620
6032
9708
6587
2454
4826
6472
3257
9668
6161
4108
7002
4510
3012
2857
4676
7185
1710
1197
2890
5852
6438
9527
2421
1507
6157
2948
322
9997
9039
9823
1056
3761
1794
9233
2550
3035
4724
2390
8763
8660
9675
3324
4423
6600
3058
3629
7296
7506
3827
148
858
6575
7588
2727
8845
8819
7131
7691
4818
5798
1538
4616
3247
186
6083
7028
5911
2700
8950
6150
6049
9416
6987
238
8780
5090
637
6206
7895
5474
92
3043
7407
9098
2115
1335
5339
4324
8114
8730
8397
6926
3337
2923
4681
6665
234
1314
3116
1018
4450
5325
6364
715
3290
6632
3159
5710
2047
6673
4289
3751
3424
4841
1820
1437
888
5784
6798
2215
5599
9766
787
3107
127
500
4848
8193
1532
2327
5414
699
6907
9013
7990
2654
8463
7984
6935
6343
14
4737
1099
3655
6690
7801
8160
4763
5819
4319
7017
3787
3756
4853
258
6918
7706
598
4073
6704
7153
6331
5397
6705
3470
8942
1571
712
6057
6494
7501
8579
2713
3183
5170
8715
4560
4603
9756
6740
9178
5417
3425
9292
235
4451
7645
2042
8364
9924
4043
2869
9988
5108
717
806
5037
6620
9170
7750
5689
2490
2963
3423
6909
2818
6747
5187
64
1077
6953
8388
5966
8104
6056
3056
7040
451
2472
7641
6589
1528
4052
2066
2564
1037
862
7052
753
7007
6291
9689
892
2452
4918
4880
8304
6362
9359
2470
8584
2760
4245
6941
9557
8529
502
4280
9326
2585
6308
2458
8535
5439
4165
3830
5341
3205
9335
2434
8376
5468
382
6457
231
821
6100
6753
8522
6845
9537
995
2109
8627
8049
6168
1935
6218
8583
34
2090
7246
6493
3018
8488
3777
7112
7209
937
9420
2802
2808
27
2132
462
946
2303
4761
8087
4489
5386
3506
1418
6386
187
3405
762
5425
2569
5866
3235
7866
4764
4062
2733
137
9801
1838
6498
4887
1795
361
3718
6109
8750
8009
1836
604
5909
4942
6058
1627
6429
3650
1647
21
6306
4590
6956
2003
6179
9145
8113
8001
4958
4600
7531
6762
2927
209
7977
3214
2532
7748
3664
9399
23
9859
7138
7733
9138
627
2474
5140
9814
4638
6887
5029
504
6688
826
8218
4012
7894
7107
4534
3899
9321
4089
2792
1196
3868
2097
4563
2196
5196
5843
2609
969
3989
1810
6819
7280
4857
7239
2219
7764
5320
2457
125
1458
5915
8528
6898
1917
687
3297
8847
7269
7437
5301
9085
7250
5353
6546
7465
1329
8603
5245
8209
9443
866
890
5550
6351
524
7374
9950
2397
2321
308
4110
6731
3473
6033
4686
6280
7428
3355
9144
276
9536
171
9404
204
1041
1321
869
247
3817
2015
5957
7917
4766
1223
8055
8035
9291
1043
9707
4090
9574
767
2377
9755
9062
5677
8890
6255
5442
4127
5822
5811
4086
1331
7893
7640
4377
9518
1317
8456
9245
9958
6534
9927
3260
4540
8515
6698
8752
8015
7946
70
9509
4208
8365
5983
7300
4837
4321
6593
3004
4575
5851
8827
3894
9580
3799
3480
903
1153
2799
59
9671
9364
4945
6332
710
9584
1486
5894
9287
6654
9716
8478
5597
6444
7050
338
2002
1295
9238
9535
1592
3015
6669
744
4124
8346
1763
7025
9473
1137
7447
9887
2788
2992
4804
8032
7865
1826
5458
1048
1879
7779
5984
2092
1098
9423
4951
4260
2400
4479
2669
3581
5427
286
7790
3249
123
7247
487
1677
7664
2614
3126
4168
8424
7772
5715
134
3348
3497
506
144
6617
5067
8634
2249
7885
1141
5368
3858
1119
6384
2578
2781
2634
8527
4344
1878
4630
9179
9642
2326
679
1276
5231
9119
2692
2359
8593
3839
8764
1085
481
1293
1442
3380
3884
1559
6706
4406
5579
2447
2372
4633
7282
1001
8491
5485
6765
9082
8085
4145
73
9921
6492
8512
8311
7356
3014
9020
7397
7100
5960
6659
4135
8369
9937
9221
9381
1365
8681
9597
8716
7655
1845
5210
3566
1808
6829
1755
809
5011
7864
2994
4635
2168
9730
3637
5526
7420
5486
4057
5147
182
5918
916
2398
4788
2593
6176
326
7988
3538
8260
6015
4956
1389
6840
1754
7236
6968
6102
6124
6910
4149
76
3535
9240
179
3743
5209
8183
4768
7080
5733
3534
1831
6487
8800
2637
6453
2265
106
9805
6657
6465
7827
2655
3549
8462
1833
3502
7057
4595
5193
2484
9565
6310
8687
5323
9275
863
6252
4747
9012
4297
9821
4567
5863
4795
741
1664
1704
227
3882
7477
354
4234
840
3641
5104
8130
7771
8951
349
3495
1031
6052
9486
7511
4655
2980
1817
2190
8670
662
977
491
9780
4714
2945
4162
9360
1451
889
8980
2648
3522
3140
8020
4807
6996
9278
4212
5521
788
8367
1703
3195
5028
3077
3458
5268
6899
9248
9467
4365
1619
6075
3034
7824
7166
4955
6393
9870
1042
9493
3893
3738
9774
8688
1180
3530
5538
6304
6113
9338
7089
2989
4618
7891
9784
5949
287
742
5332
6726
9787
4865
1211
883
8974
7415
6281
9599
26
6136
1301
8120
8734
6560
6651
4641
5574
7951
1270
358
5814
8216
7489
5799
5069
3620
7858
6328
7613
5872
4785
6663
93
8601
3642
8971
8489
7842
8820
3052
8291
853
7015
9374
5637
7064
1903
642
4000
1663
4969
6685
8695
1570
999
2505
4557
9882
2050
6359
7217
9479
5230
7913
2965
1979
3793
101
5839
8717
2305
333
7584
8
3450
6437
8186
9548
4144
8154
7597
823
4546
5596
6553
2780
4300
1779
405
3498
3853
1397
298
7841
5198
1024
4384
9139
9172
906
5644
5987
9341
9776
2382
5868
538
7128
6129
1915
6621
7985
7726
4362
1683
4317
3201
8423
7589
4140
7624
9983
1586
2968
7403
4739
5383
2185
190
5752
7572
9087
2184
805
9320
7728
8559
8422
2608
1590
8624
9741
3093
8816
9611
3957
652
7560
4443
7921
3843
4152
3158
5691
4412
923
2417
9025
4900
8743
737
5701
4933
309
3939
4231
9361
7367
9856
1213
9434
8490
5290
9888
8597
2079
400
5152
84
2201
6164
1406
6871
9256
884
2722
5177
5359
4734
879
9231
8078
8411
1737
2323
3496
8251
2385
4349
5379
5542
6293
373
9877
2712
3005
1224
7201
8091
7268
6183
752
5870
1657
3590
16
9186
117
4044
420
2643
6999
5554
6352
4713
929
3644
4112
17
8673
8692
6545
7870
7545
8928
3525
2139
3024
5782
1033
1962
1333
8920
3562
7472
5240
4849
8075
3317
1155
8636
6843
2836
4508
1477
3445
5412
6076
7204
3943
6411
1071
7703
7039
2164
4821
1390
6689
6982
2743
454
3162
8592
664
2121
6301
2689
3237
9005
7132
3601
5771
5056
2706
2130
6565
429
3486
1748
3918
6861
5260
6983
113
7228
3143
6619
8801
3460
54
8739
8079
9376
2562
556
3066
789
3224
6614
5717
6878
9754
43
6012
5233
6242
7578
1179
1428
886
6298
271
7692
7620
3459
8599
2268
3752
3072
6292
6666
3340
2642
2152
2623
9886
6994
9394
7978
9806
6200
1130
98
4113
7360
8661
5955
9403
6267
1597
933
1403
3546
2510
6143
6694
6634
8540
3187
416
2553
2294
4537
8345
8135
6696
3589
5431
1427
5805
9717
2229
8182
1039
4296
9220
2465
3619
4926
2443
1172
410
5262
3216
3138
6796
4271
4770
4561
9619
7579
2140
7487
6073
8109
2073
2222
8936
3878
542
1923
7667
2888
2822
8440
497
449
4876
8581
6716
684
6068
2972
6957
1175
6858
3499
6397
468
3134
7072
3778
7555
2226
4417
6458
7305
4154
7765
5758
1951
3797
3802
3844
4200
9916
6315
5009
7311
3385
8544
2786
5944
5917
6092
4150
6287
6096
3452
882
5057
8773
7094
2048
2635
3950
5300
7935
1288
8779
2723
5084
2008
4565
7238
2807
1462
9864
1285
3305
8850
2384
7243
2407
6436
1728
3092
9268
1542
8086
1109
2412
2720
1521
3823
7448
6629
2956
5314
188
7856
5079
8709
5895
8675
4469
6896
8751
3076
7818
6118
2186
8124
8457
833
1781
5783
1957
6782
1202
7832
6959
8332
4348
3645
6105
7662
3660
8705
3692
7479
5162
4910
6928
7902
5071
7283
2514
2901
5443
5888
8429
2127
8496
1105
6788
9665
1897
7145
8400
1515
5329
3571
1480
3543
9952
5802
5445
3181
4808
4167
9203
1899
658
7699
3865
2473
7904
8302
8025
1299
4440
5962
3569
5976
7048
8031
8707
817
6645
3609
3298
6838
8197
7831
4756
8048
1847
8753
4291
2459
7637
7332
5342
9813
4671
5034
7980
2489
5384
7086
510
3223
5003
633
4288
5995
3383
8016
1358
1161
7916
2748
4203
4784
9210
6591
8998
5651
7999
851
473
6549
5438
5620
3838
4606
9402
156
865
8545
2252
2907
6841
1334
4998
9173
7211
8757
5792
5614
2001
5810
4629
2247
6530
9482
3080
517
7258
9328
6562
8181
2082
5065
1620
1723
4490
7789
6885
9059
3888
5928
1587
5050
7290
3873
1166
5411
4074
4816
1472
6588
2310
4949
9322
199
4013
7308
1116
6450
7782
3876
6294
8233
5685
2620
4101
6756
8656
208
6369
1372
4204
5462
7796
925
2376
20
3136
4779
6900
3668
6595
5205
7822
2791
8450
6146
1374
2485
2392
1742
4597
5807
2906
8505
7256
2641
9568
2129
2084
3359
4607
1598
2410
6080
6192
5858
928
653
6208
8432
2141
6034
1798
1060
786
3598
1650
8921
2750
1112
2769
2545
6778
6017
8984
1489
4646
172
9662
6676
1328
3583
7651
6789
2537
105
1949
8294
3202
9466
3394
8648
1484
2905
2924
8720
8204
8461
9629
8215
9960
8570
1061
7713
4119
3916
2187
2832
1500
5125
215
5562
3190
1201
1491
2167
1070
5653
3234
1304
263
2729
8128
388
3526
8962
5834
2435
5899
7944
4729
3764
5190
5129
4694
7043
9909
4092
5923
874
2534
1886
9779
981
5525
4284
6045
68
1616
6800
4786
6783
7168
7896
3193
3401
1644
9917
7854
1236
8041
4218
6700
4871
4427
7458
7074
5291
2195
3479
5780
3765
2493
6396
4411
2840
9023
9091
157
9872
7478
9190
3377
676
7732
926
9400
4899
5865
1721
9148
7265
3172
4813
9585
7928
1093
1
5475
2914
9594
3113
6273
4229
979
5615
1249
4305
4801
8967
2111
5659
452
293
3875
1964
7120
7023
2171
3759
3490
634
7189
8822
1208
5099
1468
6217
8119
2491
2212
3339
7908
3682
594
2650
4216
2461
2360
5263
3174
2512
6809
8792
4644
8992
4674
7715
8823
4390
3079
3822
619
938
2755
4701
4252
6418
2753
8158
5121
4968
9971
2724
381
3259
544
4993
719
6583
8052
8582
274
2684
450
1245
3565
561
1551
3391
8228
4205
3129
4071
5407
5109
9503
5793
6635
9141
6811
6942
2016
3625
3408
4428
9332
9362
6526
7563
3217
6339
6655
3937
9325
813
2124
498
9956
5086
580
8381
4792
1044
4886
730
6521
7526
5043
9300
3215
2904
2653
5613
6722
8476
6234
2147
6937
8703
1289
7707
5479
2431
5017
9506
7959
2559
7165
9393
4507
1862
2851
5544
4325
448
1272
4819
6392
1439
4851
8959
6213
8611
4698
1882
1126
2263
571
728
5655
5264
6158
592
5980
7317
3296
7816
6933
1535
6046
350
9636
3125
3606
122
2117
3704
7327
7147
2128
7483
9480
4585
963
3469
1932
3828
5259
9575
3246
4475
7735
6209
2884
9187
6757
562
2218
4398
4330
2043
2433
2101
1715
6938
3374
8212
9572
2257
9709
6117
8223
3770
6370
1861
9733
3323
6070
52
989
168
948
5316
4752
2175
9299
4628
9477
2273
1963
8250
7795
6944
1735
7967
4187
7398
142
4067
5612
1026
3866
2220
6911
2176
96
5885
5182
7725
1843
766
3994
5313
1324
9100
2240
360
4265
8645
184
8996
50
1173
7808
9043
8541
6081
7066
8259
4295
290
1893
3648
8293
1926
7754
1082
1330
2314
2520
3277
464
4688
4965
9516
7334
9702
5533
1811
4717
4869
8615
3027
7532
647
4464
514
639
7512
8363
6761
1191
4302
8894
3972
1835
46
2764
436
8859
1088
915
2319
1220
5794
4496
3492
1702
9627
8249
791
4985
9311
692
4599
453
9903
9239
6499
5840
2897
3433
572
9448
8208
4913
5294
5532
296
893
4201
7598
6174
6551
9904
1888
9938
9132
8502
36
2355
731
8808
8468
3964
6496
1719
8586
6951
2949
1501
7718
7759
4974
4268
3461
512
2342
8799
9306
3161
305
8918
4275
3030
5225
7154
7358
397
4505
6236
810
5594
230
6085
7134
5661
3064
8006
5954
957
435
5418
7979
3346
1020
5725
1738
4488
3443
4498
2143
7515
2162
9305
7794
6721
7297
466
6222
6750
4163
5131
4420
6368
4667
8702
1830
8594
3032
7547
7171
2387
7212
8074
8737
8253
9508
2740
1971
3982
2538
1422
831
1632
1076
2988
4924
1167
8924
5942
6738
8413
8637
4596
9165
7038
6094
5168
2613
1540
5216
6406
3173
665
5726
5705
553
7849
1910
9628
9433
1581
6221
3667
2606
3820
6641
8864
7949
5827
1209
5272
5969
4023
1277
5635
1394
6966
3651
329
4060
1140
9922
1582
8526
9854
4889
7001
9342
2555
5587
2428
8148
1122
7823
2025
8310
9284
4960
7181
7376
9152
7299
9624
5967
8555
7629
5315
6426
8340
8507
1558
1577
7279
2849
5188
4258
8382
9959
4920
7207
8138
8447
3608
2862
914
7502
2541
5223
1517
9564
9822
408
3299
563
3867
8347
7304
6506
8591
9858
4847
625
3834
6422
9329
1870
533
5861
2929
4274
4419
5687
7860
2099
4320
5063
1938
5502
9303
7117
6943
2424
8140
1052
5624
5049
3578
6552
9202
4941
4303
6612
5066
3750
8319
3997
1111
2639
3749
2274
6573
8900
8821
4831
5253
7408
7034
371
6211
5364
8191
9469
5682
7119
6974
1013
9696
7668
2506
1665
9835
7527
6016
6245
7289
6455
3358
4611
1600
3847
9824
9385
5096
8167
6263
6708
4531
2380
5371
6399
7404
9327
1837
5516
8103
4103
8007
7518
4943
7544
4760
9130
7342
6338
2349
2325
534
1531
4917
3475
8857
9444
9257
5160
9538
32
5494
8728
9795
6785
683
2705
6604
9351
7689
7010
4116
2716
6548
1698
3835
7918
7788
154
3816
8093
6402
5258
6099
3697
1131
9471
6182
9964
6947
6207
351
8831
6007
4829
3418
3592
6249
456
9274
3046
4010
3221
7362
3352
6736
7179
1727
2156
5271
3627
2691
8655
7249
4003
3042
376
1424
2340
9258
9807
5893
9200
7708
1290
3985
2990
7595
6780
570
9401
3575
5122
425
6847
5496
8348
3531
6859
6235
8795
5588
7377
2902
2202
6262
4397
940
9194
6815
9875
7881
8817
4164
4394
7762
3019
3510
507
799
2998
9011
6543
6312
7634
4375
7371
9941
6313
4775
8985
3345
5667
4878
4966
7287
4123
1955
8403
1380
9650
8337
4177
7686
303
9261
4833
9298
7680
9913
1009
7694
3742
3276
9880
8368
9772
1084
4048
516
5586
3932
8439
431
1617
5688
5972
8387
8867
3537
3519
2056
5556
4405
2583
297
7585
2805
9108
6719
7174
1568
4429
2594
6550
962
1189
6110
7176
94
463
4340
4547
8530
1482
5130
6180
7720
5684
3776
2647
6817
8436
5080
3851
9757
409
6574
2752
7520
8783
1067
7336
7352
7254
5519
8633
2932
5389
6578
2774
8426
9109
3400
7242
7829
1541
102
8111
9551
1074
22
344
3568
9035
1614
6556
5128
7719
7401
8497
1720
8946
9042
3454
1956
5285
6646
3902
9789
4863
9212
5836
4385
9061
5020
585
5073
5572
2442
2194
8419
2178
6325
2554
1100
2413
8893
6758
5469
5848
9579
163
8903
1444
3427
668
7141
8533
1868
176
966
3084
5777
7571
5135
4272
8941
5229
8316
5773
4142
6710
7065
3124
6889
1696
3388
9610
2596
8701
4773
5632
9290
6507
5660
7997
9199
1030
3679
455
6340
720
9844
4266
2291
7804
4454
5564
319
3624
6480
5351
9664
1504
7806
9459
8234
8613
251
6063
3482
2356
2548
8224
513
9621
7412
4642
5749
6958
1229
4359
6383
8513
4413
7406
8395
8793
7702
7574
2815
9693
3442
4458
7164
7200
9228
4105
8669
8037
7190
3088
3430
3420
2731
12
5738
1902
3208
5873
3017
4621
9331
7552
5970
7016
7510
6865
1240
2095
8796
3795
9122
7156
9369
3703
5256
4651
3584
2039
9490
7825
5378
4019
8841
9435
6515
3375
8776
3676
3474
9283
5640
331
3322
7859
7630
4099
8562
6319
9010
4769
5581
2770
9654
3110
6640
8837
5134
341
1204
4700
9529
4777
4141
267
2572
7114
2874
9293
2408
5281
474
8904
8118
1947
6448
4075
3230
1662
6478
8853
5959
898
1409
3508
7384
8415
5167
6596
1004
3706
2584
541
7446
9078
206
9101
5459
9282
2266
5491
3179
6929
5234
8221
3081
7687
2173
1405
1339
6636
7450
2735
7267
5795
3558
864
7809
2475
9910
5854
2096
1678
2977
3810
1731
4081
6282
7615
4677
6637
721
3824
2661
3813
588
9670
4051
738
8772
2557
9852
2592
6867
3444
5823
175
9312
5232
7333
7705
9484
6720
3755
9461
4930
7013
2026
5396
7481
1601
9765
1625
8804
5199
1653
1156
325
7429
1019
8408
8618
9267
6592
8680
1993
9379
6773
4902
671
2673
2756
3563
1952
8849
7693
5656
5113
284
5116
6695
2046
7031
9052
4432
3166
9171
987
1758
9832
2552
110
3020
7335
3097
9446
3805
6510
4182
1086
1883
704
3344
8828
9963
7942
2032
9653
3924
1767
5912
7163
4929
9057
7738
3392
2659
4771
7044
5380
4483
9595
2005
3758
3144
9429
4640
7419
457
9851
5119
2715
1050
4733
4538
5308
8826
3414
3227
754
2481
8380
6558
335
4893
3451
3883
2997
6172
6323
3622
9456
7758
9324
8649
646
5982
7130
8863
6375
5697
427
4214
640
1533
479
5395
7812
5019
2917
8677
7682
3818
6766
48
802
3711
2617
9126
1260
7582
3287
4392
695
1569
6040
411
9514
6748
9953
9430
1800
4796
3132
7993
5994
9367
8846
3312
2859
377
1443
920
2694
9561
5781
3393
58
6104
2300
7855
292
6008
1858
9295
1765
7003
6413
6115
4445
8668
301
9793
314
7241
6011
2199
6585
667
8606
428
3963
3681
1199
7426
2280
2847
5603
9241
8585
9926
2741
6479
4529
9874
8732
990
6902
1799
1398
626
6744
4129
593
4306
253
620
3300
4838
6702
5430
8725
493
1716
7773
9318
9838
3449
9810
1819
6749
4396
7648
5136
7887
2954
2040
1450
7496
8144
1198
4661
2696
2779
6760
2078
4088
9019
5881
1981
4522
2656
1438
9436
2979
3579
5595
7888
7418
4867
4279
6088
5345
1454
6728
7198
6462
3483
9451
8916
9713
3044
4704
6469
4846
575
1593
7837
1713
4310
9026
8139
1231
2065
6307
655
4131
6995
968
8008
8402
583
6452
1567
9495
3294
4109
877
3308
5841
213
4439
2935
2677
9127
794
8452
887
3767
1503
5759
5235
4840
9656
3848
8089
8379
8100
5703
9389
6571
2885
2944
2582
5041
629
5757
8866
771
1802
3540
1786
2796
7603
765
3001
9046
1789
8617
2477
7716
6365
1239
492
467
2193
4343
1206
8292
3658
1505
3597
9605
784
4161
356
9612
660
2599
4657
5204
3554
1144
406
8881
3411
4036
3207
3441
6821
4736
3103
1483
3354
5331
1327
5914
4199
815
7060
8469
6976
4463
2787
7525
8129
7924
5296
219
8818
9559
7498
4042
9915
9797
5083
4754
1038
2476
803
8643
3476
4235
9183
2116
6196
5257
3382
9253
4104
8354
8393
4477
216
6125
8925
5878
2354
3455
5299
5482
6607
5927
3556
2329
7466
5322
797
9630
8518
5786
8647
5101
6836
1684
4404
6303
3029
6095
9337
2106
1856
3539
8123
485
6253
5887
8038
1035
3448
128
4919
8832
9816
7770
8742
7991
8096
330
2827
6137
393
2122
8993
6828
9655
3236
2757
1641
5768
9060
4180
790
165
6013
5310
3180
772
4431
4122
7078
3791
45
693
689
8121
8059
7541
7925
5286
1666
5298
7350
7195
1259
5356
3942
5585
9353
4984
3364
220
9692
1965
7263
7491
4798
7683
2668
9657
7284
4549
8927
8115
4251
1006
9343
5070
2381
597
5012
7909
8494
7445
776
7899
8785
701
3933
5437
3168
1970
5576
1746
5340
4643
6477
5543
9587
3421
9380
37
2420
1332
5638
9037
4883
8782
6093
334
8168
8667
8301
9032
7522
6888
6862
997
6495
5739
3419
1621
8438
4636
5420
600
4028
9876
1818
8027
3047
7557
5421
9939
2771
8169
3160
8694
5511
4995
7067
1267
8784
5925
7867
885
7970
9995
6998
8060
9899
8552
5671
6895
6539
8407
7700
2920
2558
7714
844
6187
3262
3315
2810
9604
5956
8844
4660
4823
2812
3431
4441
1842
6559
7549
3248
4347
6946
9157
486
1880
9094
181
1867
8714
1273
6737
909
9725
4782
7576
1637
8023
4994
6717
750
9410
8978
8997
180
9648
6991
7380
7623
1368
3804
4474
2406
1824
1919
9966
718
878
8389
9867
200
6940
8982
8658
2339
4580
657
5211
6681
1990
4678
495
5244
1241
3016
8877
757
6271
526
6353
9159
1670
6724
5769
8133
8851
2013
6347
394
3919
8066
6519
4502
5530
3662
9107
1626
5111
4381
3
5879
5146
3603
5509
1609
9908
1308
5060
8013
1312
9247
9350
189
582
9431
4551
7961
6461
7106
1362
2680
9751
8833
1865
9478
2732
489
9589
1537
8843
955
4318
8968
3684
1757
8961
649
3621
3278
484
8162
2432
345
5007
5490
6714
3515
5924
8362
1395
7018
3545
4673
4992
2242
9505
5728
5936
6699
1676
8759
2955
6533
9255
3666
7441
2232
9918
4361
6259
6441
8329
7208
7609
1284
2436
5165
6108
3198
